Precision: 0.5131628450556531
Confusion Matrix 467464.0  483415.0  
3132.0    45393.0   
TNR: 0.4916124974891653
TPR: 0.9354559505409583
Resultado: 0.4598818361365416
