Precision: 0.4708866484424717
Confusion Matrix 470596.0  528798.0  
0.0       10.0      
TNR: 0.47088135410058496
TPR: 1.0
Resultado: 0.47088135410058496
