Precision: 0.5095997214339747
Confusion Matrix 468337.0  487849.0  
2259.0    40959.0   
TNR: 0.4897969641889758
TPR: 0.9477301124531445
Resultado: 0.4641953319500268
