Precision: 0.4817351141280203
Confusion Matrix 470300.0  517660.0  
296.0     11148.0   
TNR: 0.47603141827604356
TPR: 0.9741349178608878
Resultado: 0.4637188265415356
