Precision: 0.47419461999351614
Confusion Matrix 470524.0  72.0    
525420.0  3388.0  
TNR: 0.9998470025244584
TPR: 0.006406862225987504
Resultado: 0.006405881992240785
