Precision: 0.6919003726220828
Confusion Matrix 332562.0  169882.0  
138034.0  358926.0  
TNR: 0.6618886880926034
TPR: 0.7222432388924662
Resultado: 0.4780446298742872
