Precision: 0.7084502363408591
Confusion Matrix 338965.0  159745.0  
131631.0  369063.0  
TNR: 0.6796835836458062
TPR: 0.7371029011731717
Resultado: 0.5009967413851019
