Precision: 0.6863010354171086
Confusion Matrix 337977.0  132619.0  
180893.0  347915.0  
TNR: 0.7181892748769645
TPR: 0.657923102524924
Resultado: 0.47251331592717793
