Precision: 0.5424282872592064
Confusion Matrix 268078.0  202518.0  
254781.0  274027.0  
TNR: 0.5696563506702139
TPR: 0.5181975310509674
Resultado: 0.47251331592717793
