Precision: 0.5680195396456288
Confusion Matrix 455906.0  14690.0   
417033.0  111775.0  
TNR: 0.9687842650596266
TPR: 0.21137161313747144
Resultado: 0.20477349288785296
