Precision: 0.5815536059491457
Confusion Matrix 457815.0  405416.0  
12781.0   123392.0  
TNR: 0.5303505087282546
TPR: 0.9061414524171458
Resultado: 0.4805725802691928
