Precision: 0.6280333078514795
Confusion Matrix 433613.0  334762.0  
36983.0   194046.0  
TNR: 0.5643247112412559
TPR: 0.8399205294573409
Resultado: 0.4739879102516167
