Precision: 0.7030820368939888
Confusion Matrix 267050.0  93195.0   
203546.0  435613.0  
TNR: 0.7413010590015129
TPR: 0.6815408998386943
Resultado: 0.505226990803268
