Precision: 0.6769174427959064
Confusion Matrix 239495.0  231101.0  
91789.0   437019.0  
TNR: 0.5089184778451156
TPR: 0.8264228226501869
Resultado: 0.420581844959597
