Precision: 0.6929570023734145
Confusion Matrix 279208.0  115472.0  
191388.0  413336.0  
TNR: 0.707428803080977
TPR: 0.6835118169611261
Resultado: 0.48353594656451326
