Precision: 0.6780481166775398
Confusion Matrix 227469.0  78633.0   
243127.0  450175.0  
TNR: 0.7431150400846777
TPR: 0.6493202096633213
Resultado: 0.4825196136317503
