Precision: 0.6764981929229821
Confusion Matrix 195303.0  48016.0   
275293.0  480792.0  
TNR: 0.8026623486040959
TPR: 0.6358967576396833
Resultado: 0.5104103849567978
