Precision: 0.6344271185626633
Confusion Matrix 143488.0  327108.0  
38247.0   490561.0  
TNR: 0.3049069690350109
TPR: 0.9276731819488359
Resultado: 0.28285401816308375
