Precision: 0.6971134796338618
Confusion Matrix 245689.0  77799.0   
224907.0  451009.0  
TNR: 0.7594995795825502
TPR: 0.6672559903893384
Resultado: 0.5067806441746406
