Precision: 0.6910748806288548
Confusion Matrix 270635.0  108780.0  
199961.0  420028.0  
TNR: 0.7132954680231409
TPR: 0.6774765358740236
Resultado: 0.48324094273095786
