Precision: 0.6669735162156646
Confusion Matrix 213164.0  257432.0  
75396.0   453412.0  
TNR: 0.45296602606057
TPR: 0.8574227318800018
Resultado: 0.3883833675136821
