Precision: 0.5402219722954881
Confusion Matrix 263225.0  207371.0  
252133.0  276675.0  
TNR: 0.5593438958257189
TPR: 0.5232050195912316
Resultado: 0.4711605902585148
