Precision: 0.7090606001176701
Confusion Matrix 340391.0  160561.0  
130205.0  368247.0  
TNR: 0.6794882543636915
TPR: 0.738781266802019
Resultado: 0.5019931933359005
