Precision: 0.6854875505801458
Confusion Matrix 333447.0  137149.0  
177176.0  351632.0  
TNR: 0.7085631837074688
TPR: 0.664952118727402
Resultado: 0.4711605902585148
