Precision: 0.6971074760557292
Confusion Matrix 334997.0  167113.0  
135599.0  361695.0  
TNR: 0.6671785067017187
TPR: 0.727326289880835
Resultado: 0.4852564679675969
