Precision: 0.5295095877142777
Confusion Matrix 468.0  470128.0  
82.0   528726.0  
TNR: 9.944835910207482E-4
TPR: 0.9998449342672577
Resultado: 0.46065140002250066
