Precision: 0.6966752184301844
Confusion Matrix 314520.0  147068.0  
156076.0  381740.0  
TNR: 0.6813868644765462
TPR: 0.709796659080429
Resultado: 0.4836461199467415
