Precision: 0.7101062233090922
Confusion Matrix 310578.0  129703.0  
160018.0  399105.0  
TNR: 0.7054085913314452
TPR: 0.7138053701958246
Resultado: 0.5035244406746574
