Precision: 0.6823977090345846
Confusion Matrix 300467.0  170129.0  
147284.0  381524.0  
TNR: 0.6384818400496391
TPR: 0.7214792514485409
Resultado: 0.46065140002250066
